[(0, 141, 414), (1, 154, 193), (2, 111, 164), (3, 413, 119), (4, 158, 190), (5, 204, 418), (6, 476, 384), (7, 125, 322)]
#
[[  0.  13.  30. 272.   0.   0. 335.  17.]
 [ 13.   0.  43.   0.   0.  50. 322.  29.]
 [ 30.  43.   0. 302.  47.   0.   0.   0.]
 [272.   0. 302.   0.   0. 209.   0. 288.]
 [  0.   0.  47.   0.   0.  46. 318.  33.]
 [  0.  50.   0. 209.  46.   0. 272.   0.]
 [335. 322.   0.   0. 318. 272.   0.   0.]
 [ 17.  29.   0. 288.  33.   0.   0.   0.]]
#
[[0, 1, 13.0], [0, 7, 17.0], [0, 2, 30.0], [4, 7, 33.0], [4, 5, 46.0], [3, 5, 209.0], [5, 6, 272.0]]